-7.360284924507141113e-01
-6.769505739212036133e-01
-9.231716990470886230e-01
-3.843878209590911865e-01
-9.989660978317260742e-01
-4.546194523572921753e-02
-9.542695879936218262e-01
2.989473342895507812e-01
-7.944734096527099609e-01
6.072989702224731445e-01
-5.388513803482055664e-01
8.424008488655090332e-01
-2.182354778051376343e-01
9.758961200714111328e-01
1.287029981613159180e-01
9.916831851005554199e-01
4.601179063320159912e-01
8.878578543663024902e-01
7.360354065895080566e-01
6.769430041313171387e-01
9.231756329536437988e-01
3.843783736228942871e-01
9.989665150642395020e-01
4.545172303915023804e-02
9.542665481567382812e-01
-2.989571094512939453e-01
7.944672107696533203e-01
-6.073070764541625977e-01
5.388427376747131348e-01
-8.424063920974731445e-01
2.182254940271377563e-01
-9.758983850479125977e-01
-1.287131458520889282e-01
-9.916818737983703613e-01
-4.601269662380218506e-01
-8.878531455993652344e-01
-7.360423207283020020e-01
-6.769354939460754395e-01
-9.231795668601989746e-01
-3.843689262866973877e-01
-9.989669919013977051e-01
-4.544149711728096008e-02
-9.542635083198547363e-01
2.989668846130371094e-01
-7.944609522819519043e-01
6.073151826858520508e-01
-5.388340950012207031e-01
8.424118757247924805e-01
-2.182154953479766846e-01
9.759005904197692871e-01
1.287232935428619385e-01
9.916805624961853027e-01
4.601360559463500977e-01
8.878484368324279785e-01
7.360492944717407227e-01
6.769279837608337402e-01
9.231835007667541504e-01
3.843594789505004883e-01
9.989674687385559082e-01
4.543127492070198059e-02
9.542604088783264160e-01
-2.989766597747802734e-01
7.944547533988952637e-01
-6.073233485221862793e-01
5.388255119323730469e-01
-8.424174189567565918e-01
2.182055115699768066e-01
-9.759028553962707520e-01
-1.287334412336349487e-01
-9.916792511940002441e-01
-4.601451456546783447e-01
-8.878437280654907227e-01
-7.360562086105346680e-01
-6.769204139709472656e-01
-9.231874346733093262e-01
-3.843500316143035889e-01
-9.989679455757141113e-01
-4.542104899883270264e-02
-9.542573690414428711e-01
2.989864051342010498e-01
-7.944485545158386230e-01
6.073314547538757324e-01
-5.388168692588806152e-01
8.424229025840759277e-01
-2.181955277919769287e-01
9.759050607681274414e-01
1.287436038255691528e-01
9.916779398918151855e-01
4.601542353630065918e-01
8.878390192985534668e-01
7.360631227493286133e-01
6.769129037857055664e-01
9.231913685798645020e-01
3.843405842781066895e-01
9.989684224128723145e-01
4.541082307696342468e-02
9.542543292045593262e-01
-2.989961802959442139e-01
7.944422960281372070e-01
-6.073396205902099609e-01
5.388082265853881836e-01
-8.424284458160400391e-01
2.181855291128158569e-01
-9.759073257446289062e-01
-1.287537515163421631e-01
-9.916765689849853516e-01
-4.601633250713348389e-01
-8.878343105316162109e-01
-7.360700368881225586e-01
-6.769053339958190918e-01
-9.231953024864196777e-01
-3.843311369419097900e-01
-9.989688396453857422e-01
-4.540060088038444519e-02
-9.542512297630310059e-01
2.990059554576873779e-01
-7.944360971450805664e-01
6.073477268218994141e-01
-5.387996435165405273e-01
8.424339294433593750e-01
-2.181755453348159790e-01
9.759095311164855957e-01
1.287638992071151733e-01
9.916752576828002930e-01
4.601724147796630859e-01
8.878295421600341797e-01
7.360770106315612793e-01
6.768978238105773926e-01
9.231992363929748535e-01
3.843216896057128906e-01
9.989693164825439453e-01
4.539037495851516724e-02
9.542481899261474609e-01
-2.990157306194305420e-01
7.944298982620239258e-01
-6.073558926582336426e-01
5.387910008430480957e-01
-8.424394726753234863e-01
2.181655615568161011e-01
-9.759117960929870605e-01
-1.287740468978881836e-01
-9.916739463806152344e-01
-4.601815044879913330e-01
-8.878248333930969238e-01
-7.360839247703552246e-01
-6.768903136253356934e-01
-9.232031702995300293e-01
-3.843122422695159912e-01
-9.989697933197021484e-01
-4.538015276193618774e-02
-9.542451500892639160e-01
2.990254759788513184e-01
-7.944236993789672852e-01
6.073639988899230957e-01
-5.387823581695556641e-01
8.424449563026428223e-01
-2.181555628776550293e-01
9.759140014648437500e-01
1.287841945886611938e-01
9.916726350784301758e-01
4.601905941963195801e-01
8.878201246261596680e-01
7.360908389091491699e-01
6.768827438354492188e-01
9.232071042060852051e-01
3.843027949333190918e-01
9.989702701568603516e-01
4.536992684006690979e-02
9.542420506477355957e-01
-2.990352511405944824e-01
7.944174408912658691e-01
-6.073721051216125488e-01
5.387737751007080078e-01
-8.424504995346069336e-01
2.181455790996551514e-01
-9.759162664413452148e-01
-1.287943422794342041e-01
-9.916713237762451172e-01
-4.601996839046478271e-01
-8.878154158592224121e-01
-7.360977530479431152e-01
-6.768752336502075195e-01
-9.232110381126403809e-01
-3.842933475971221924e-01
-9.989707469940185547e-01
-4.535970091819763184e-02
-9.542390108108520508e-01
2.990450263023376465e-01
-5.548375844955444336e-01
-8.319586515426635742e-01
-8.059241175651550293e-01
-5.920189023017883301e-01
-9.598036408424377441e-01
-2.806724011898040771e-01
-9.979159235954284668e-01
6.452751904726028442e-02
-9.156640768051147461e-01
4.019444286823272705e-01
-7.229688763618469238e-01
6.908805966377258301e-01
-4.430724382400512695e-01
8.964858055114746094e-01
-1.097345575690269470e-01
9.939609169960021973e-01
2.368390113115310669e-01
9.715489149093627930e-01
5.548461079597473145e-01
8.319529891014099121e-01
8.059301376342773438e-01
5.920106172561645508e-01
9.598065018653869629e-01
2.806625962257385254e-01
9.979152679443359375e-01
-6.453773379325866699e-02
9.156599640846252441e-01
-4.019537866115570068e-01
7.229618430137634277e-01
-6.908879876136779785e-01
4.430632591247558594e-01
-8.964903354644775391e-01
1.097243875265121460e-01
-9.939620494842529297e-01
-2.368489503860473633e-01
-9.715464711189270020e-01
-5.548546314239501953e-01
-8.319473266601562500e-01
-8.059362173080444336e-01
-5.920023918151855469e-01
-9.598093628883361816e-01
-2.806527614593505859e-01
-9.979146122932434082e-01
6.454794853925704956e-02
-9.156558513641357422e-01
4.019631743431091309e-01
-7.229547500610351562e-01
6.908953785896301270e-01
-4.430540800094604492e-01
8.964948654174804688e-01
-1.097142174839973450e-01
9.939631819725036621e-01
2.368588894605636597e-01
9.715440869331359863e-01
5.684747099876403809e-01
8.227007389068603516e-01
8.155723810195922852e-01
5.786550641059875488e-01
9.642993211746215820e-01
2.648146152496337891e-01
9.967167973518371582e-01
-8.096659183502197266e-02
9.089147448539733887e-01
-4.169819653034210205e-01
7.114834785461425781e-01
-7.027028203010559082e-01
4.282361865043640137e-01
-9.036668539047241211e-01
9.333699941635131836e-02
-9.956345558166503906e-01
-2.528200745582580566e-01
-9.675133228302001953e-01
-5.684831738471984863e-01
-8.226948976516723633e-01
-8.155782818794250488e-01
-5.786467194557189941e-01
-9.643020629882812500e-01
-2.648047506809234619e-01
-9.967159628868103027e-01
8.097679167985916138e-02
-9.089105129241943359e-01
4.169912636280059814e-01
-7.114762663841247559e-01
7.027101516723632812e-01
-4.282269477844238281e-01
9.036712050437927246e-01
-9.332681447267532349e-02
9.956355094909667969e-01
2.528299987316131592e-01
9.675107002258300781e-01
5.684915781021118164e-01
8.226891160011291504e-01
8.155842423439025879e-01
5.786383748054504395e-01
9.643047451972961426e-01
2.647948861122131348e-01
9.967151284217834473e-01
-8.098699897527694702e-02
9.089062213897705078e-01
-4.170005619525909424e-01
7.114690542221069336e-01
-7.027174234390258789e-01
4.282177090644836426e-01
-9.036756157875061035e-01
9.331662207841873169e-02
-9.956364631652832031e-01
-2.528398931026458740e-01
-9.675081372261047363e-01
-5.684999823570251465e-01
-8.226832747459411621e-01
-8.155901432037353516e-01
-5.786300301551818848e-01
-9.643074870109558105e-01
-2.647849917411804199e-01
-9.967143535614013672e-01
8.099719882011413574e-02
-9.089019298553466797e-01
4.170098900794982910e-01
-7.114619016647338867e-01
7.027246952056884766e-01
-4.282084405422210693e-01
9.036799669265747070e-01
-9.330642968416213989e-02
9.956374168395996094e-01
2.528497874736785889e-01
9.675055742263793945e-01
5.685083866119384766e-01
8.226774334907531738e-01
8.155960440635681152e-01
5.786216855049133301e-01
9.643101692199707031e-01
2.647751271724700928e-01
9.967135190963745117e-01
-8.100739866495132446e-02
9.088976979255676270e-01
-4.170191884040832520e-01
7.114546895027160645e-01
-7.027319669723510742e-01
4.281992018222808838e-01
-9.036843776702880859e-01
9.329623728990554810e-02
-9.956383705139160156e-01
-2.528597116470336914e-01
-9.675029516220092773e-01
-5.685168504714965820e-01
-8.226716518402099609e-01
-8.156020045280456543e-01
-5.786133408546447754e-01
-9.643129110336303711e-01
-2.647652626037597656e-01
-9.967126846313476562e-01
8.101759850978851318e-02
-9.088934063911437988e-01
4.170284867286682129e-01
-7.114474773406982422e-01
7.027392387390136719e-01
-4.281899631023406982e-01
9.036887288093566895e-01
-9.328605234622955322e-02
9.956393241882324219e-01
2.528696060180664062e-01
9.675003886222839355e-01
5.685252547264099121e-01
8.226658105850219727e-01
8.156079053878784180e-01
5.786049962043762207e-01
9.643155932426452637e-01
2.647553980350494385e-01
9.967118501663208008e-01
-8.102779835462570190e-02
9.088891744613647461e-01
-4.170377850532531738e-01
7.114403247833251953e-01
-7.027465105056762695e-01
4.281806945800781250e-01
-9.036931395530700684e-01
9.327585995197296143e-02
-9.956402778625488281e-01
-2.528795003890991211e-01
-9.674977660179138184e-01
-5.685336589813232422e-01
-8.226599693298339844e-01
-8.156138658523559570e-01
-5.785966515541076660e-01
-9.643183350563049316e-01
-2.647455334663391113e-01
-9.967110157012939453e-01
8.103799819946289062e-02
-9.088848829269409180e-01
4.170470833778381348e-01
-7.114331126213073730e-01
7.027538418769836426e-01
-4.281714558601379395e-01
9.036974906921386719e-01
-9.326566755771636963e-02
9.956412315368652344e-01
2.528893947601318359e-01
9.674952030181884766e-01
5.685420632362365723e-01
8.226541876792907715e-01
8.156197667121887207e-01
5.785883069038391113e-01
9.643210172653198242e-01
2.647356688976287842e-01
9.967101812362670898e-01
-8.104820549488067627e-02
9.088805913925170898e-01
-4.170563817024230957e-01
7.114259004592895508e-01
-7.027611136436462402e-01
4.281622171401977539e-01
-9.037019014358520508e-01
9.325548261404037476e-02
-9.956421852111816406e-01
-2.528993189334869385e-01
-9.674925804138183594e-01
-5.685505270957946777e-01
-8.226483464241027832e-01
-8.156256675720214844e-01
-5.785799622535705566e-01
-9.643237590789794922e-01
-2.647257745265960693e-01
-9.967093467712402344e-01
8.105840533971786499e-02
-9.088763594627380371e-01
4.170656800270080566e-01
-7.114187479019165039e-01
7.027683854103088379e-01
-4.281529486179351807e-01
9.037063121795654297e-01
-9.324529021978378296e-02
9.956431388854980469e-01
2.529092133045196533e-01
9.674900174140930176e-01
5.685589313507080078e-01
8.226425647735595703e-01
8.156316280364990234e-01
5.785716176033020020e-01
9.643264412879943848e-01
2.647159099578857422e-01
9.967085123062133789e-01
-8.106860518455505371e-02
9.084388613700866699e-01
-4.180177450180053711e-01
7.106819748878479004e-01
-7.035133838653564453e-01
4.272058606147766113e-01
-9.041543602943420410e-01
9.220203757286071777e-02
-9.957402944564819336e-01
-2.539227604866027832e-01
-9.672244787216186523e-01
-5.694205760955810547e-01
-8.220463991165161133e-01
-8.162373900413513184e-01
-5.777167081832885742e-01
-9.646032452583312988e-01
-2.637053728103637695e-01
-9.966230392456054688e-01
8.211287856101989746e-02
-9.084345698356628418e-01
4.180270433425903320e-01
-8.822235465049743652e-01
-4.708307683467864990e-01
-9.900527000427246094e-01
-1.406968533992767334e-01
-9.784661531448364258e-01
2.064072936773300171e-01
-8.488613963127136230e-01
5.286155343055725098e-01
-6.168707013130187988e-01
7.870644927024841309e-01
-3.104758858680725098e-01
9.505812525749206543e-01
3.544744849205017090e-02
9.993715286254882812e-01
3.751159608364105225e-01
9.269778728485107422e-01
6.695396304130554199e-01
7.427763342857360840e-01
8.832064867019653320e-01
4.689843654632568359e-01
9.903448820114135742e-01
1.386256217956542969e-01
9.780322909355163574e-01
-2.084535360336303711e-01
8.477538228034973145e-01
-5.303899645805358887e-01
6.152230501174926758e-01
-7.883530855178833008e-01
3.084868490695953369e-01
-9.512286186218261719e-01
-3.601796925067901611e-02
-9.993511438369750977e-01
-3.756451010704040527e-01
-9.267635941505432129e-01
-6.699635982513427734e-01
-7.423939704895019531e-01
-8.834740519523620605e-01
-4.684800803661346436e-01
-9.904238581657409668e-01
-1.380602270364761353e-01
-9.779130816459655762e-01
2.090118378400802612e-01
-8.474508523941040039e-01
5.308738350868225098e-01
-6.147729158401489258e-01
7.887042164802551270e-01
-3.079437315464019775e-01
9.514045715332031250e-01
3.621495887637138367e-02
9.993440508842468262e-01
3.758277595043182373e-01
9.266895055770874023e-01
6.701099276542663574e-01
7.422618865966796875e-01
8.835663795471191406e-01
4.683059155941009521e-01
9.904696941375732422e-01
1.377309560775756836e-01
9.778435826301574707e-01
-2.093369364738464355e-01
8.472743630409240723e-01
-5.311555266380310059e-01
6.145106554031372070e-01
-7.889085412025451660e-01
3.076274394989013672e-01
-9.515069127082824707e-01
-3.707526251673698425e-02
-9.993124604225158691e-01
-3.766253888607025146e-01
-9.263656735420227051e-01
-6.707486510276794434e-01
-7.416847348213195801e-01
-8.839691877365112305e-01
-4.675450921058654785e-01
-9.905693531036376953e-01
-1.370122730731964111e-01
-9.776914119720458984e-01
2.100463509559631348e-01
-8.465527296066284180e-01
5.323048830032348633e-01
-6.134394407272338867e-01
7.897417545318603516e-01
-3.063358664512634277e-01
9.519234895706176758e-01
3.771658614277839661e-02
9.992884993553161621e-01
3.772198259830474854e-01
9.261237382888793945e-01
6.712245345115661621e-01
7.412540912628173828e-01
8.842691183090209961e-01
4.669776856899261475e-01
9.906570911407470703e-01
1.363765299320220947e-01
9.775564074516296387e-01
-2.106737643480300903e-01
8.464855551719665527e-01
-5.324117541313171387e-01
6.133397817611694336e-01
-7.898191809654235840e-01
3.062157034873962402e-01
-9.519621729850769043e-01
-3.784272819757461548e-02
-9.992837309837341309e-01
-3.773367404937744141e-01
-9.260761141777038574e-01
-6.713180541992187500e-01
-7.411693930625915527e-01
-8.843280076980590820e-01
-4.668660759925842285e-01
-9.906742572784423828e-01
-1.362514793872833252e-01
-9.775298237800598145e-01
2.107971608638763428e-01
-8.463496565818786621e-01
5.326276421546936035e-01
-6.131382584571838379e-01
7.899756431579589844e-01
-3.059728443622589111e-01
9.520402550697326660e-01
3.809766098856925964e-02
9.992740154266357422e-01
3.776326477527618408e-01
9.259554743766784668e-01
6.715549230575561523e-01
7.409548163414001465e-01
8.846094608306884766e-01
4.663326442241668701e-01
9.907562732696533203e-01
1.356539726257324219e-01
9.774025082588195801e-01
-2.113866806030273438e-01
8.461588025093078613e-01
-5.329307913780212402e-01
6.128551959991455078e-01
-7.901952266693115234e-01
3.056317567825317383e-01
-9.521498084068298340e-01
-3.845562413334846497e-02
-9.992603063583374023e-01
-3.779941797256469727e-01
-9.258079528808593750e-01
-6.718441247940063477e-01
-7.406925559043884277e-01
-8.846592903137207031e-01
-4.662380814552307129e-01
-9.907707571983337402e-01
-1.355480551719665527e-01
-9.773799180984497070e-01
2.114911675453186035e-01
-8.461018204689025879e-01
5.330212712287902832e-01
-6.127707362174987793e-01
7.902607321739196777e-01
-3.055299818515777588e-01
9.521824717521667480e-01
3.856244310736656189e-02
9.992561936378479004e-01
3.780036568641662598e-01
9.258040785789489746e-01
6.718517541885375977e-01
7.406856417655944824e-01
8.847061395645141602e-01
4.661492109298706055e-01
9.907844066619873047e-01
1.354485303163528442e-01
9.773572683334350586e-01
-2.115956395864486694e-01
8.460448384284973145e-01
-5.331116914749145508e-01
6.126862764358520508e-01
-7.903262376785278320e-01
3.054282069206237793e-01
-9.522151350975036621e-01
-3.866926208138465881e-02
-9.992520809173583984e-01
-3.781026005744934082e-01
-9.257636666297912598e-01
-6.719309091567993164e-01
-7.406138181686401367e-01
-8.847138881683349609e-01
-4.661344587802886963e-01
-9.907866716384887695e-01
-1.354320049285888672e-01
-9.773551225662231445e-01
2.116056531667709351e-01
-8.460394144058227539e-01
5.331203937530517578e-01
-6.126781702041625977e-01
7.903324961662292480e-01
-3.054184615612030029e-01
9.522182345390319824e-01
3.867949172854423523e-02
9.992516636848449707e-01
3.781120777130126953e-01
9.257598519325256348e-01
6.719384789466857910e-01
7.406069636344909668e-01
8.847186565399169922e-01
4.661253988742828369e-01
9.907880425453186035e-01
1.354218572378158569e-01
9.773529767990112305e-01
-2.116156518459320068e-01
8.460339307785034180e-01
-5.331290364265441895e-01
6.126700639724731445e-01
-7.903387546539306641e-01
3.054087162017822266e-01
-9.522213339805603027e-01
-3.868971765041351318e-02
-9.992512464523315430e-01
-3.781215548515319824e-01
-9.257559776306152344e-01
-6.719460487365722656e-01
-7.406001091003417969e-01
-8.847234249114990234e-01
-4.661163389682769775e-01
-9.907894134521484375e-01
-1.354117244482040405e-01
-9.773507714271545410e-01
2.116256505250930786e-01
-8.460285067558288574e-01
5.331376791000366211e-01
-6.126620173454284668e-01
7.903450131416320801e-01
-3.053989708423614502e-01
9.522244930267333984e-01
3.869994729757308960e-02
9.992508888244628906e-01
3.781310319900512695e-01
9.257521033287048340e-01
6.719536185264587402e-01
7.405931949615478516e-01
8.847281932830810547e-01
4.661072790622711182e-01
9.907907843589782715e-01
1.354015767574310303e-01
9.773486256599426270e-01
-2.116356641054153442e-01
8.460230231285095215e-01
-5.331463217735290527e-01
6.126539111137390137e-01
-7.903513312339782715e-01
3.053892254829406738e-01
-9.522275924682617188e-01
-3.871017321944236755e-02
-9.992504715919494629e-01
-3.781405091285705566e-01
-9.257482290267944336e-01
-6.719612479209899902e-01
-7.405863404273986816e-01
-8.847329616546630859e-01
-4.660982191562652588e-01
-9.907922148704528809e-01
-1.353914439678192139e-01
-9.773464798927307129e-01
2.116456627845764160e-01
-8.460175991058349609e-01
5.331550240516662598e-01
-6.126458048820495605e-01
7.903575897216796875e-01
-3.053794801235198975e-01
9.522307515144348145e-01
3.872039914131164551e-02
9.992500543594360352e-01
3.781499862670898438e-01
9.257443547248840332e-01
6.719688177108764648e-01
7.405794262886047363e-01
8.847377300262451172e-01
4.660891592502593994e-01
9.907935857772827148e-01
1.353812962770462036e-01
9.773442745208740234e-01
-2.116556614637374878e-01
8.460121154785156250e-01
-5.331636667251586914e-01
6.126377582550048828e-01
-7.903638482093811035e-01
3.053697049617767334e-01
-9.522338509559631348e-01
-3.873062878847122192e-02
-9.992496967315673828e-01
-3.781594634056091309e-01
-9.257404804229736328e-01
-6.719763875007629395e-01
-7.405725717544555664e-01
-8.847424983978271484e-01
-4.660801291465759277e-01
-9.907949566841125488e-01
-1.353711634874343872e-01
-9.773421287536621094e-01
2.116656601428985596e-01
-8.460066914558410645e-01
5.331723093986511230e-01
-6.126296520233154297e-01
7.903701066970825195e-01
-3.053599596023559570e-01
9.522370100021362305e-01
3.874085471034049988e-02
9.992492794990539551e-01
3.781689405441284180e-01
9.257366061210632324e-01
6.719839572906494141e-01
7.405657172203063965e-01
8.847472667694091797e-01
4.660710692405700684e-01
9.907963275909423828e-01
1.353610157966613770e-01
9.773399829864501953e-01
-2.116756737232208252e-01
8.460012078285217285e-01
-5.331810116767883301e-01
6.126215457916259766e-01
-7.903763651847839355e-01
3.053502142429351807e-01
-9.522401094436645508e-01
-3.875108063220977783e-02
-9.992489218711853027e-01
-3.781784176826477051e-01
-9.257327318191528320e-01
-6.719915270805358887e-01
-7.405588030815124512e-01
-8.847520351409912109e-01
-4.660620093345642090e-01
-9.907977581024169922e-01
-1.353508830070495605e-01
-9.772968292236328125e-01
2.118746191263198853e-01
-8.458926677703857422e-01
5.333532094955444336e-01
-6.124606728553771973e-01
7.905010581016540527e-01
-3.051563799381256104e-01
9.523022770881652832e-01
3.895449265837669373e-02
9.992409944534301758e-01
3.783668577671051025e-01
9.256557226181030273e-01
6.721422672271728516e-01
7.404220104217529297e-01
8.848469257354736328e-01
4.658818840980529785e-01
9.908252358436584473e-01
1.351491808891296387e-01
9.772946834564208984e-01
-2.118846178054809570e-01
8.458871841430664062e-01
-5.333618521690368652e-01
6.124525666236877441e-01
-7.905073165893554688e-01
3.051466345787048340e-01
-9.523053765296936035e-01
-3.896471858024597168e-02
-9.992405772209167480e-01
-3.783763349056243896e-01
-9.256518483161926270e-01
-6.721498370170593262e-01
-7.404151558876037598e-01
-8.848516941070556641e-01
-4.658728241920471191e-01
-9.908353686332702637e-01
-1.350751966238021851e-01
-9.772788882255554199e-01
2.119576036930084229e-01
-8.458473682403564453e-01
5.334250330924987793e-01
-6.123934984207153320e-01
7.905530929565429688e-01
-3.050755262374877930e-01
9.523281455039978027e-01
3.903933987021446228e-02
9.992376565933227539e-01
3.788629472255706787e-01
9.254527688026428223e-01
6.725390553474426270e-01
7.400616407394409180e-01
8.850964903831481934e-01
4.654075503349304199e-01
9.909079670906066895e-01
1.345414370298385620e-01
9.771645665168762207e-01
-2.124840021133422852e-01
8.455598950386047363e-01
-5.338805913925170898e-01
6.119675636291503906e-01
-7.908828258514404297e-01
3.045624792575836182e-01
-9.524923563003540039e-01
-3.957758843898773193e-02
-9.992164969444274902e-01
-3.789439797401428223e-01
-9.254196286201477051e-01
-6.726038455963134766e-01
-7.400027513504028320e-01
-8.851372599601745605e-01
-4.653300344944000244e-01
-9.909093379974365234e-01
-1.345313042402267456e-01
-9.771623611450195312e-01
2.124940007925033569e-01
-8.455544114112854004e-01
5.338892340660095215e-01
-6.119595170021057129e-01
7.908890843391418457e-01
-3.045527338981628418e-01
9.524954557418823242e-01
3.958781436085700989e-02
9.992160797119140625e-01
3.789534568786621094e-01
9.254157543182373047e-01
6.726114153861999512e-01
7.399958372116088867e-01
8.851420283317565918e-01
4.653209745883941650e-01
9.909107089042663574e-01
1.345211565494537354e-01
9.771602153778076172e-01
-2.125039994716644287e-01
8.455489873886108398e-01
-5.338978767395019531e-01
6.119514107704162598e-01
-7.908953428268432617e-01
3.045429885387420654e-01
-9.524986147880554199e-01
-3.959804400801658630e-02
-9.992156624794006348e-01
-3.789629340171813965e-01
-9.254118800163269043e-01
-6.726189851760864258e-01
-7.399889826774597168e-01
-8.851467967033386230e-01
-4.653119146823883057e-01
-9.909120798110961914e-01
-1.345110237598419189e-01
-9.771580100059509277e-01
2.125139981508255005e-01
-8.455435037612915039e-01
5.339065194129943848e-01
-6.119433045387268066e-01
7.909016013145446777e-01
-3.045332431793212891e-01
9.525017142295837402e-01
3.960826992988586426e-02
9.992153048515319824e-01
3.789724111557006836e-01
9.254079461097717285e-01
6.726265549659729004e-01
7.399820685386657715e-01
8.851515650749206543e-01
4.653028547763824463e-01
9.909134507179260254e-01
1.345008760690689087e-01
9.771558642387390137e-01
-2.125239968299865723e-01
8.455380201339721680e-01
-5.339151620864868164e-01
6.119351983070373535e-01
-7.909079194068908691e-01
3.045234978199005127e-01
-9.525048136711120605e-01
-3.961849585175514221e-02
-9.992148876190185547e-01
-3.789818882942199707e-01
-9.254040718078613281e-01
-6.726341843605041504e-01
-7.399752140045166016e-01
-8.851563334465026855e-01
-4.652937948703765869e-01
-9.909148216247558594e-01
-1.344907283782958984e-01
-9.771536588668823242e-01
2.125339955091476440e-01
-8.455325961112976074e-01
5.339238047599792480e-01
-6.119270920753479004e-01
7.909141778945922852e-01
-3.045137524604797363e-01
9.525079131126403809e-01
3.962872177362442017e-02
9.992144703865051270e-01
3.789913356304168701e-01
9.254001975059509277e-01
6.726417541503906250e-01
7.399682998657226562e-01
8.851610422134399414e-01
4.652847349643707275e-01
9.909162521362304688e-01
1.344805955886840820e-01
9.771515130996704102e-01
-2.125440090894699097e-01
8.455271124839782715e-01
-5.339325070381164551e-01
6.119190454483032227e-01
-7.909204363822937012e-01
3.045040071010589600e-01
-9.525110721588134766e-01
-3.963895142078399658e-02
-9.992140531539916992e-01
-3.790008127689361572e-01
-9.253963232040405273e-01
-6.726493239402770996e-01
-7.399614453315734863e-01
-8.851658105850219727e-01
-4.652756750583648682e-01
-9.909176230430603027e-01
-1.344704478979110718e-01
-9.771493077278137207e-01
2.125540077686309814e-01
-8.455216288566589355e-01
5.339411497116088867e-01
-6.119109392166137695e-01
7.909266948699951172e-01
-3.044942319393157959e-01
9.525141716003417969e-01
3.964917734265327454e-02
9.992136359214782715e-01
3.790102899074554443e-01
9.253924489021301270e-01
6.726568937301635742e-01
7.399545311927795410e-01
8.851705789566040039e-01
4.652666151523590088e-01
9.909189939498901367e-01
1.344603002071380615e-01
9.771471619606018066e-01
-2.125640064477920532e-01
8.455162048339843750e-01
-5.339497923851013184e-01
6.119028329849243164e-01
-7.909329533576965332e-01
3.044844865798950195e-01
-9.525172710418701172e-01
-3.965940326452255249e-02
-9.992132782936096191e-01
-3.790197670459747314e-01
-9.253885746002197266e-01
-6.726644635200500488e-01
-7.399476766586303711e-01
-8.851753473281860352e-01
-4.652575552463531494e-01
-9.909203648567199707e-01
-1.344501674175262451e-01
-9.771449565887451172e-01
2.125740051269531250e-01
-8.455107212066650391e-01
5.339584350585937500e-01
-6.118947267532348633e-01
7.909392118453979492e-01
-3.044747412204742432e-01
9.525204300880432129e-01
3.966962918639183044e-02
9.992128610610961914e-01
3.790292441844940186e-01
9.253847002983093262e-01
6.726720333099365234e-01
7.399407625198364258e-01
-9.523354768753051758e-01
3.050527572631835938e-01
-7.905676960945129395e-01
6.123746633529663086e-01
-5.334452390670776367e-01
8.458346128463745117e-01
-2.119809389114379883e-01
9.772738218307495117e-01
1.350515186786651611e-01
9.908385872840881348e-01
4.657946825027465820e-01
8.848928213119506836e-01
7.403557300567626953e-01
6.722152829170227051e-01
9.256184101104736328e-01
3.784580826759338379e-01
9.973860383033752441e-01
-7.225689291954040527e-02
9.125225543975830078e-01
-4.090264141559600830e-01
7.175946235656738281e-01
-6.964610219001770020e-01
4.361136555671691895e-01
-8.998916149139404297e-01
1.020305976271629333e-01
-9.947812557220458984e-01
-2.443589270114898682e-01
-9.696848392486572266e-01
-5.612750053405761719e-01
-8.276293873786926270e-01
-8.104925155639648438e-01
-5.857489705085754395e-01
-9.619520902633666992e-01
-2.732180953025817871e-01
-9.973853230476379395e-01
7.226710021495819092e-02
-9.125183224678039551e-01
4.090357720851898193e-01
-7.175874710083007812e-01
6.964683532714843750e-01
-4.361044466495513916e-01
8.998960852622985840e-01
-1.020204201340675354e-01
9.947823286056518555e-01
2.445125728845596313e-01
9.696460962295532227e-01
5.614061355590820312e-01
8.275404572486877441e-01
8.105853199958801270e-01
5.856205224990844727e-01
9.619954228401184082e-01
2.730656862258911133e-01
9.973738789558410645e-01
-7.242513447999954224e-02
9.124535322189331055e-01
-4.091803431510925293e-01
7.174771428108215332e-01
-6.965820789337158203e-01
4.354746043682098389e-01
-9.002010226249694824e-01
1.013242676854133606e-01
-9.948534369468688965e-01
-2.450473457574844360e-01
-9.695110917091369629e-01
-5.618624687194824219e-01
-8.272306919097900391e-01
-8.109081983566284180e-01
-5.851733684539794922e-01
-9.621458649635314941e-01
-2.725350260734558105e-01
-9.973337650299072266e-01
7.297523319721221924e-02
-9.122276902198791504e-01
4.096835553646087646e-01
-7.170928120613098145e-01
6.969776749610900879e-01
-4.354653954505920410e-01
9.002054929733276367e-01
-1.013140901923179626e-01
9.948545098304748535e-01
2.450572699308395386e-01
9.695085883140563965e-01
5.618709325790405273e-01
8.272249102592468262e-01
8.109142184257507324e-01
5.851650238037109375e-01
9.621486663818359375e-01
2.725251913070678711e-01
9.973329901695251465e-01
-7.298544049263000488e-02
9.122235178947448730e-01
-4.096928834915161133e-01
7.170856595039367676e-01
-6.969850063323974609e-01
4.354561865329742432e-01
-9.002099037170410156e-01
1.013039052486419678e-01
-9.948555231094360352e-01
-2.450671941041946411e-01
-9.695060849189758301e-01
-5.618793964385986328e-01
-8.272191882133483887e-01
-8.109201788902282715e-01
-5.851567387580871582e-01
-9.621514081954956055e-01
-2.725153565406799316e-01
-9.973322749137878418e-01
7.299564778804779053e-02
-9.122193455696105957e-01
4.097022414207458496e-01
-7.170785665512084961e-01
6.969923377037048340e-01
-4.354469776153564453e-01
9.002143740653991699e-01
-1.012937277555465698e-01
9.948565363883972168e-01
2.450771182775497437e-01
9.695035815238952637e-01
5.618878602981567383e-01
8.272134065628051758e-01
8.109261989593505859e-01
5.851484537124633789e-01
9.621542096138000488e-01
2.725054919719696045e-01
9.973315000534057617e-01
-7.300585508346557617e-02
9.122151136398315430e-01
-4.097115695476531982e-01
7.170714139938354492e-01
-6.969997286796569824e-01
4.354377686977386475e-01
-9.002188444137573242e-01
1.012835428118705750e-01
-9.948576092720031738e-01
-2.450870424509048462e-01
-9.695010781288146973e-01
-5.618963241577148438e-01
-8.272076845169067383e-01
-8.109321594238281250e-01
-5.851401686668395996e-01
-9.621570110321044922e-01
-2.724956572055816650e-01
-9.973307847976684570e-01
7.301606237888336182e-02
-9.122109413146972656e-01
4.097208976745605469e-01
-7.170642614364624023e-01
6.970070600509643555e-01
-4.354285597801208496e-01
9.002233147621154785e-01
-1.012733578681945801e-01
9.948586225509643555e-01
2.450969666242599487e-01
9.694985747337341309e-01
5.619047880172729492e-01
8.272019028663635254e-01
8.109381794929504395e-01
5.851318240165710449e-01
9.621598124504089355e-01
2.724857926368713379e-01
9.973300099372863770e-01
-7.302626967430114746e-02
9.122067093849182129e-01
-4.097302258014678955e-01
7.170571684837341309e-01
-6.970143914222717285e-01
4.354193210601806641e-01
-9.002277255058288574e-01
1.012631803750991821e-01
-9.948596954345703125e-01
-2.451068907976150513e-01
-9.694960713386535645e-01
-5.619132518768310547e-01
-8.271961808204650879e-01
-8.109441399574279785e-01
-5.851235389709472656e-01
-9.621626138687133789e-01
-2.724759578704833984e-01
-9.973292946815490723e-01
7.303647696971893311e-02
-9.122025370597839355e-01
4.097395837306976318e-01
-7.170500159263610840e-01
6.970217227935791016e-01
-4.354101121425628662e-01
9.002321958541870117e-01
-1.012529954314231873e-01
9.948607087135314941e-01
2.451168149709701538e-01
9.694935679435729980e-01
5.619217157363891602e-01
8.271903991699218750e-01
8.109501600265502930e-01
5.851152539253234863e-01
9.621653556823730469e-01
2.724660933017730713e-01
9.973285198211669922e-01
-7.304668426513671875e-02
9.121983647346496582e-01
-4.097489118576049805e-01
7.170428633689880371e-01
-6.970290541648864746e-01
4.354009032249450684e-01
-9.002366662025451660e-01
1.012428104877471924e-01
-9.948617219924926758e-01
-2.451267391443252563e-01
-9.694910645484924316e-01
-5.619301795959472656e-01
-8.271846771240234375e-01
-8.109561204910278320e-01
-5.851069688796997070e-01
-9.621681571006774902e-01
-2.724562585353851318e-01
-9.973278045654296875e-01
7.305689156055450439e-02
-9.121941328048706055e-01
4.097582399845123291e-01
-7.170357704162597656e-01
6.970363855361938477e-01
-4.353916943073272705e-01
9.002411365509033203e-01
-1.012326329946517944e-01
9.948627948760986328e-01
2.451366633176803589e-01
9.694885611534118652e-01
5.619386434555053711e-01
8.271788954734802246e-01
8.109621405601501465e-01
5.850986242294311523e-01
9.621709585189819336e-01
2.724464237689971924e-01
9.973270297050476074e-01
-7.306709885597229004e-02
9.121899604797363281e-01
-4.097675979137420654e-01
7.170286178588867188e-01
-6.970437169075012207e-01
4.353824853897094727e-01
-9.002456068992614746e-01
1.012224480509757996e-01
-9.948638081550598145e-01
-2.451465874910354614e-01
-9.694859981536865234e-01
-5.619471073150634766e-01
-8.271731734275817871e-01
-8.109681010246276855e-01
-5.850903391838073730e-01
-9.621737599372863770e-01
-2.724365592002868652e-01
-9.973262548446655273e-01
7.307730615139007568e-02
-9.121857881546020508e-01
4.097769260406494141e-01
-7.170214653015136719e-01
6.970510482788085938e-01
-4.353732764720916748e-01
9.002500176429748535e-01
-1.012122631072998047e-01
9.948648810386657715e-01
2.451564967632293701e-01
9.694834947586059570e-01
5.619555711746215820e-01
8.271673917770385742e-01
8.109741210937500000e-01
5.850820541381835938e-01
9.621765613555908203e-01
2.724267244338989258e-01
9.973255395889282227e-01
-7.308751344680786133e-02
9.121815562248229980e-01
-4.097862541675567627e-01
7.170143723487854004e-01
-6.970584392547607422e-01
4.353640377521514893e-01
-9.002544879913330078e-01
1.012020856142044067e-01
-9.948658943176269531e-01
-2.451664209365844727e-01
-9.694809913635253906e-01
-5.619640350341796875e-01
-8.271616697311401367e-01
-8.109800815582275391e-01
-5.850737690925598145e-01
-9.621793031692504883e-01
-2.724168598651885986e-01
-9.973247647285461426e-01
7.309772074222564697e-02
-9.121773838996887207e-01
4.097955822944641113e-01
-7.170072197914123535e-01
6.970657706260681152e-01
-4.353548288345336914e-01
9.002589583396911621e-01
-1.011919006705284119e-01
9.948669075965881348e-01
2.451763451099395752e-01
9.694784879684448242e-01
5.619724988937377930e-01
8.271558880805969238e-01
8.109861016273498535e-01
5.850654244422912598e-01
9.621821045875549316e-01
2.724070250988006592e-01
9.973240494728088379e-01
-7.310792803764343262e-02
9.121732115745544434e-01
-4.098049402236938477e-01
7.170000672340393066e-01
-6.970731019973754883e-01
4.353456199169158936e-01
-9.002634286880493164e-01
1.011817157268524170e-01
-9.948679804801940918e-01
-2.451862692832946777e-01
-9.694759845733642578e-01
-5.619809627532958984e-01
-8.271501660346984863e-01
-8.109920620918273926e-01
-5.850571393966674805e-01
-9.621849060058593750e-01
-2.723971605300903320e-01
-9.973232746124267578e-01
7.311813533306121826e-02
-9.121689796447753906e-01
4.098142683506011963e-01
-7.169929146766662598e-01
6.970804333686828613e-01
-4.353364109992980957e-01
9.002678394317626953e-01
-1.011715382337570190e-01
9.948689937591552734e-01
2.451961934566497803e-01
9.694734811782836914e-01
5.619894266128540039e-01
8.271443843841552734e-01
8.109980821609497070e-01
5.850488543510437012e-01
9.621877074241638184e-01
2.723873257637023926e-01
9.973225593566894531e-01
-7.312835007905960083e-02
9.121648073196411133e-01
-4.098235964775085449e-01
7.169858217239379883e-01
-6.970877647399902344e-01
4.353272020816802979e-01
-9.002723097801208496e-01
1.011613532900810242e-01
-9.948700070381164551e-01
-2.452061176300048828e-01
-9.694709777832031250e-01
-5.619978904724121094e-01
-8.271386623382568359e-01
-8.110040426254272461e-01
-5.850405693054199219e-01
-9.621904492378234863e-01
-2.723774909973144531e-01
-9.973217844963073730e-01
7.313855737447738647e-02
-9.121605753898620605e-01
4.098329246044158936e-01
-7.169786691665649414e-01
6.970950961112976074e-01
-4.353179633617401123e-01
9.002767801284790039e-01
-1.011511683464050293e-01
9.948710799217224121e-01
2.452160418033599854e-01
9.694684743881225586e-01
5.620064139366149902e-01
8.271328806877136230e-01
8.110100030899047852e-01
5.850322246551513672e-01
9.621932506561279297e-01
2.723676264286041260e-01
9.973210692405700684e-01
-7.314876466989517212e-02
9.121564030647277832e-01
-4.098422825336456299e-01
7.169715166091918945e-01
-6.971024274826049805e-01
4.353087544441223145e-01
-9.002812504768371582e-01
1.011409908533096313e-01
-9.948720932006835938e-01
-2.452259659767150879e-01
-9.694659709930419922e-01
-5.620148777961730957e-01
-8.271271586418151855e-01
-8.110160231590270996e-01
-5.850239396095275879e-01
-9.621960520744323730e-01
-2.723577916622161865e-01
-9.973202943801879883e-01
7.315897196531295776e-02
-9.121522307395935059e-01
4.098516106605529785e-01
-7.169644236564636230e-01
6.971097588539123535e-01
-4.352995455265045166e-01
9.002856612205505371e-01
-1.011308059096336365e-01
9.948731660842895508e-01
2.452358901500701904e-01
9.694634675979614258e-01
5.620233416557312012e-01
8.271213769912719727e-01
8.110219836235046387e-01
5.850156545639038086e-01
9.621988534927368164e-01
2.723479270935058594e-01
9.973195195198059082e-01
-7.316917926073074341e-02
9.121479988098144531e-01
-4.098609387874603271e-01
7.169572710990905762e-01
-6.971170902252197266e-01
4.352903366088867188e-01
-9.002901315689086914e-01
1.011206209659576416e-01
-9.948741793632507324e-01
-2.452457994222640991e-01
-9.694609045982360840e-01
-5.620318055152893066e-01
-8.271156549453735352e-01
-8.110280036926269531e-01
-5.850073695182800293e-01
-9.622016549110412598e-01
-2.723380923271179199e-01
-9.973188042640686035e-01
7.317938655614852905e-02
-9.121438264846801758e-01
4.098702669143676758e-01
-7.169501185417175293e-01
6.971244812011718750e-01
-4.352811276912689209e-01
9.002946019172668457e-01
-1.011104434728622437e-01
9.948751926422119141e-01
2.452557235956192017e-01
9.694584012031555176e-01
5.620402693748474121e-01
8.271098732948303223e-01
8.110339641571044922e-01
5.849990248680114746e-01
9.622043967247009277e-01
2.723282277584075928e-01
9.973180294036865234e-01
-7.318959385156631470e-02
9.121396541595458984e-01
-4.098796248435974121e-01
7.169430255889892578e-01
-6.971318125724792480e-01
4.352719187736511230e-01
-9.002990722656250000e-01
1.011002585291862488e-01
-9.948762655258178711e-01
-2.452656477689743042e-01
-9.694558978080749512e-01
-5.620487332344055176e-01
-8.271041512489318848e-01
-8.110399842262268066e-01
-5.849907398223876953e-01
-9.622071981430053711e-01
-2.723183929920196533e-01
-9.973173141479492188e-01
7.319980114698410034e-02
-9.121354222297668457e-01
4.098889529705047607e-01
-7.169358730316162109e-01
6.971391439437866211e-01
-4.352626800537109375e-01
9.003034830093383789e-01
-1.010900735855102539e-01
9.948772788047790527e-01
2.452755719423294067e-01
9.694533944129943848e-01
5.620571970939636230e-01
8.270983695983886719e-01
8.110459446907043457e-01
5.849824547767639160e-01
9.622099995613098145e-01
2.723085284233093262e-01
9.973165392875671387e-01
-7.321000844240188599e-02
9.121312499046325684e-01
-4.098982810974121094e-01
7.169287204742431641e-01
-6.971464753150939941e-01
4.352534711360931396e-01
-9.003079533576965332e-01
1.010798960924148560e-01
-9.948782920837402344e-01
-2.452854961156845093e-01
-9.694508910179138184e-01
-5.620656609535217285e-01
-8.270926475524902344e-01
-8.110519647598266602e-01
-5.849741697311401367e-01
-9.622128009796142578e-01
-2.722986936569213867e-01
-9.973158240318298340e-01
7.322021573781967163e-02
-9.121270179748535156e-01
4.099076390266418457e-01
-7.169215679168701172e-01
6.971538066864013672e-01
-4.352442622184753418e-01
9.003124237060546875e-01
-1.010697111487388611e-01
9.948793649673461914e-01
2.452954202890396118e-01
9.694483876228332520e-01
5.620741248130798340e-01
8.270868659019470215e-01
8.110579252243041992e-01
5.849658250808715820e-01
9.622155427932739258e-01
2.722888290882110596e-01
9.973150491714477539e-01
-7.323042303323745728e-02
9.121228456497192383e-01
-4.099169671535491943e-01
7.169144749641418457e-01
-6.971611380577087402e-01
4.352350533008575439e-01
-9.003168344497680664e-01
1.010595262050628662e-01
-9.948803782463073730e-01
-2.453053444623947144e-01
-9.694458842277526855e-01
-5.620825886726379395e-01
-8.270811438560485840e-01
-8.110638856887817383e-01
-5.849575400352478027e-01
-9.622183442115783691e-01
-2.722789943218231201e-01
-9.973142743110656738e-01
7.324063032865524292e-02
1.592837274074554443e-01
-9.872328639030456543e-01
-1.879768967628479004e-01
-9.821734428405761719e-01
-5.125645995140075684e-01
-8.586486577987670898e-01
-7.753289937973022461e-01
-6.315575242042541504e-01
-9.445767402648925781e-01
-3.282907307147979736e-01
-9.998937845230102539e-01
1.457301899790763855e-02
-9.346081614494323730e-01
3.556790351867675781e-01
-7.565942406654357910e-01
6.538846492767333984e-01
-4.873233139514923096e-01
8.732216358184814453e-01
-1.592736244201660156e-01
9.872344732284545898e-01
1.879869401454925537e-01
9.821715354919433594e-01
5.125733613967895508e-01
8.586434125900268555e-01
7.753354907035827637e-01
6.315495967864990234e-01
9.445800781250000000e-01
3.282810747623443604e-01
9.998936653137207031e-01
-1.458325237035751343e-02
9.346045255661010742e-01
-3.556886017322540283e-01
7.565875649452209473e-01
-6.538923978805541992e-01
4.873143732547760010e-01
-8.732265830039978027e-01
1.592635214328765869e-01
-9.872360825538635254e-01
-1.879969984292984009e-01
-9.821696281433105469e-01
-5.125821828842163086e-01
-8.586381673812866211e-01
-7.753419280052185059e-01
-6.315416693687438965e-01
-9.445834159851074219e-01
-3.282713890075683594e-01
-9.998918771743774414e-01
1.470302790403366089e-02
-9.345619082450866699e-01
3.558005690574645996e-01
-7.565092444419860840e-01
6.539829969406127930e-01
-4.872097671031951904e-01
8.732849955558776855e-01
-1.591452658176422119e-01
9.872551560401916504e-01
1.881146430969238281e-01
9.821470975875854492e-01
5.126850008964538574e-01
8.585767745971679688e-01
7.754175662994384766e-01
6.314488053321838379e-01
9.446227550506591797e-01
3.281582593917846680e-01
9.998917579650878906e-01
-1.471326127648353577e-02
9.345582723617553711e-01
-3.558101356029510498e-01
7.565025091171264648e-01
-6.539907455444335938e-01
4.872008264064788818e-01
-8.732899427413940430e-01
1.591351628303527832e-01
-9.872568249702453613e-01
-1.881247013807296753e-01
-9.821451306343078613e-01
-5.126938223838806152e-01
-8.585715293884277344e-01
-7.754240632057189941e-01
-6.314408183097839355e-01
-9.446260929107666016e-01
-3.281485736370086670e-01
-9.998915791511535645e-01
1.472349558025598526e-02
-9.345546364784240723e-01
3.558197021484375000e-01
-7.564958333969116211e-01
6.539984941482543945e-01
-4.871919155120849609e-01
8.732949495315551758e-01
-1.591250449419021606e-01
9.872584342956542969e-01
1.881347447633743286e-01
9.821432232856750488e-01
5.127025842666625977e-01
8.585662841796875000e-01
7.754305005073547363e-01
6.314328908920288086e-01
9.446294903755187988e-01
3.281389176845550537e-01
9.998914599418640137e-01
-1.473372895270586014e-02
9.345510005950927734e-01
-3.558292686939239502e-01
7.564891576766967773e-01
-6.540062427520751953e-01
4.871829748153686523e-01
-8.732998967170715332e-01
1.591149419546127319e-01
-9.872600436210632324e-01
-1.881448030471801758e-01
-9.821413159370422363e-01
-5.127113461494445801e-01
-8.585610389709472656e-01
-7.754369974136352539e-01
-6.314249634742736816e-01
-9.446328282356262207e-01
-3.281292617321014404e-01
-9.998866915702819824e-01
1.505325362086296082e-02
-9.344372153282165527e-01
3.561278879642486572e-01
-7.562801241874694824e-01
6.542479395866394043e-01
-4.866730570793151855e-01
8.735842108726501465e-01
-1.585385799407958984e-01
9.873527884483337402e-01
1.887181252241134644e-01
9.820312857627868652e-01
5.132125020027160645e-01
8.582615852355957031e-01
7.758054733276367188e-01
6.309722065925598145e-01
9.448242187500000000e-01
3.275777399539947510e-01
9.998825192451477051e-01
-1.532767247408628464e-02
9.343394637107849121e-01
-3.563843369483947754e-01
7.561005353927612305e-01
-6.544554829597473145e-01
4.866641163825988770e-01
-8.735891580581665039e-01
1.585284769535064697e-01
-9.873543977737426758e-01
-1.887281686067581177e-01
-9.820293784141540527e-01
-5.132212638854980469e-01
-8.582563400268554688e-01
-7.758119106292724609e-01
-6.309642195701599121e-01
-9.448275566101074219e-01
-3.275680541992187500e-01
-9.998823404312133789e-01
1.533790584653615952e-02
-9.343358278274536133e-01
3.563939034938812256e-01
-7.560938000679016113e-01
6.544632315635681152e-01
-4.866551756858825684e-01
8.735941648483276367e-01
-1.585183739662170410e-01
9.873560070991516113e-01
1.887382268905639648e-01
9.820274114608764648e-01
5.132300853729248047e-01
8.582510948181152344e-01
7.758183479309082031e-01
6.309562921524047852e-01
9.448309540748596191e-01
3.275583982467651367e-01
9.998822212219238281e-01
-1.534814015030860901e-02
9.343321323394775391e-01
-3.564034402370452881e-01
7.560871243476867676e-01
-6.544709801673889160e-01
4.866462349891662598e-01
-8.735991120338439941e-01
1.585082709789276123e-01
-9.873576760292053223e-01
-1.887482702732086182e-01
-9.820255041122436523e-01
-5.132388472557067871e-01
-8.582458496093750000e-01
-7.758248448371887207e-01
-6.309483647346496582e-01
-9.448342919349670410e-01
-3.275487124919891357e-01
-9.998820424079895020e-01
1.535837352275848389e-02
-9.343284964561462402e-01
3.564130067825317383e-01
-7.560804486274719238e-01
6.544787287712097168e-01
-4.866372942924499512e-01
8.736041188240051270e-01
-1.584981530904769897e-01
9.873592853546142578e-01
1.887583285570144653e-01
9.820235967636108398e-01
5.132476091384887695e-01
8.582405447959899902e-01
7.758312821388244629e-01
6.309404373168945312e-01
9.448376297950744629e-01
3.275390565395355225e-01
9.998819231986999512e-01
-1.536860689520835876e-02
9.343248605728149414e-01
-3.564225733280181885e-01
7.560737133026123047e-01
-6.544864773750305176e-01
4.866283535957336426e-01
-8.736090660095214844e-01
1.584880501031875610e-01
-9.873608946800231934e-01
-1.887683719396591187e-01
-9.820216298103332520e-01
-5.132564306259155273e-01
-8.582352995872497559e-01
-7.758377194404602051e-01
-6.309325098991394043e-01
-9.448409676551818848e-01
-3.275294005870819092e-01
-9.998817443847656250e-01
1.537884119898080826e-02
-9.343212246894836426e-01
3.564321398735046387e-01
-7.560670375823974609e-01
6.544941663742065430e-01
-4.866194128990173340e-01
8.736140727996826172e-01
-1.584779471158981323e-01
9.873625040054321289e-01
1.887784302234649658e-01
9.820197224617004395e-01
5.132651925086975098e-01
8.582300543785095215e-01
7.758442163467407227e-01
6.309245228767395020e-01
9.448443651199340820e-01
3.275197148323059082e-01
9.998815655708312988e-01
-1.538907457143068314e-02
9.343175888061523438e-01
-3.564417064189910889e-01
7.560603618621826172e-01
-6.545019149780273438e-01
4.866104722023010254e-01
-8.736190199851989746e-01
1.584678441286087036e-01
-9.873641133308410645e-01
-1.887884736061096191e-01
-9.820177555084228516e-01
-5.132739543914794922e-01
-8.582248091697692871e-01
-7.758506536483764648e-01
-6.309165954589843750e-01
-9.448477029800415039e-01
-3.275100588798522949e-01
-9.998814463615417480e-01
1.539930887520313263e-02
-9.343138933181762695e-01
3.564512729644775391e-01
-7.560536265373229980e-01
6.545096635818481445e-01
-4.866015315055847168e-01
8.736240267753601074e-01
-1.584577411413192749e-01
9.873657822608947754e-01
1.887985318899154663e-01
9.820158481597900391e-01
5.132827758789062500e-01
8.582195639610290527e-01
7.758570909500122070e-01
6.309086680412292480e-01
9.448510408401489258e-01
3.275003731250762939e-01
9.998812675476074219e-01
-1.540954224765300751e-02
9.343102574348449707e-01
-3.564608395099639893e-01
7.560469508171081543e-01
-6.545174121856689453e-01
4.865925908088684082e-01
-8.736290335655212402e-01
1.584476381540298462e-01
-9.873673915863037109e-01
-1.888085752725601196e-01
-9.820138812065124512e-01
-5.132915377616882324e-01
-8.582143187522888184e-01
-7.758635878562927246e-01
-6.309007406234741211e-01
-9.448543787002563477e-01
-3.274907171726226807e-01
-9.998810887336730957e-01
1.541977562010288239e-02
-9.343066215515136719e-01
3.564704060554504395e-01
-7.560402154922485352e-01
6.545251607894897461e-01
-4.865836501121520996e-01
8.736339807510375977e-01
-1.584375202655792236e-01
9.873690009117126465e-01
1.888186335563659668e-01
9.820119738578796387e-01
5.133002996444702148e-01
8.582090735435485840e-01
7.758700251579284668e-01
6.308927536010742188e-01
9.448577761650085449e-01
3.274810314178466797e-01
9.998778700828552246e-01
-1.562975905835628510e-02
9.342317581176757812e-01
-3.566665947437286377e-01
7.559027671813964844e-01
-6.546838879585266113e-01
4.864001870155334473e-01
-8.737361431121826172e-01
1.582301706075668335e-01
-9.874022603034973145e-01
-1.890248507261276245e-01
-9.819722771644592285e-01
-5.134805440902709961e-01
-8.581012487411499023e-01
-7.760025262832641602e-01
-6.307298541069030762e-01
-9.449265003204345703e-01
-3.272826075553894043e-01
-9.998776912689208984e-01
1.563999243080615997e-02
-9.342280626296997070e-01
3.566761612892150879e-01
-7.558960914611816406e-01
6.546916365623474121e-01
-4.863912463188171387e-01
8.737411499023437500e-01
-1.582200676202774048e-01
9.874038696289062500e-01
1.890349090099334717e-01
9.819703698158264160e-01
5.134893059730529785e-01
8.580960035324096680e-01
7.760089635848999023e-01
6.307218670845031738e-01
9.449298381805419922e-01
3.272729218006134033e-01
9.998775124549865723e-01
-1.565022580325603485e-02
9.342244267463684082e-01
-3.566857278347015381e-01
7.558893561363220215e-01
-6.546993851661682129e-01
4.863822758197784424e-01
-8.737460970878601074e-01
1.582099497318267822e-01
-9.874054789543151855e-01
-1.890449523925781250e-01
-9.819684624671936035e-01
-5.134981274604797363e-01
-8.580906987190246582e-01
-7.760154008865356445e-01
-6.307139396667480469e-01
-9.449331760406494141e-01
-3.272632658481597900e-01
-9.998773932456970215e-01
1.566045917570590973e-02
-9.342207908630371094e-01
3.566952943801879883e-01
-7.558826804161071777e-01
6.547071337699890137e-01
-4.863733351230621338e-01
8.737511038780212402e-01
-1.581998467445373535e-01
9.874070882797241211e-01
1.890550106763839722e-01
9.819664955139160156e-01
5.135068893432617188e-01
8.580854535102844238e-01
7.765581011772155762e-01
6.300456523895263672e-01
9.452145695686340332e-01
3.264496624469757080e-01
9.998635053634643555e-01
-1.652122661471366882e-02
9.339133501052856445e-01
-3.574993908405303955e-01
7.553187608718872070e-01
-6.553575992584228516e-01
4.856209754943847656e-01
-8.741694688796997070e-01
1.573497503995895386e-01
-9.875429272651672363e-01
-1.899002939462661743e-01
-9.818033576011657715e-01
-5.142453908920288086e-01
-8.576430678367614746e-01
-7.765645384788513184e-01
-6.300377249717712402e-01
-9.452179074287414551e-01
-3.264399766921997070e-01
-9.998633265495300293e-01
1.653145998716354370e-02
-9.339097142219543457e-01
3.575089573860168457e-01
-7.553120255470275879e-01
6.553653478622436523e-01
-4.856120347976684570e-01
8.741744160652160645e-01
-1.568559557199478149e-01
9.876214861869812012e-01
1.903911679983139038e-01
9.817082881927490234e-01
5.146741867065429688e-01
8.573858737945556641e-01
7.768794894218444824e-01
6.296493411064147949e-01
9.453810453414916992e-01
3.259673416614532471e-01
9.998549818992614746e-01
-1.703139021992683411e-02
9.337308406829833984e-01
-3.579758703708648682e-01
7.549842596054077148e-01
-6.557428836822509766e-01
4.851748645305633545e-01
-8.744171261787414551e-01
1.568458527326583862e-01
-9.876230955123901367e-01
-1.904012113809585571e-01
-9.817063808441162109e-01
-5.146829485893249512e-01
-8.573805689811706543e-01
-7.768859267234802246e-01
-6.296414136886596680e-01
-9.453843832015991211e-01
-3.259576559066772461e-01
-9.998548030853271484e-01
1.704162359237670898e-02
-9.336625933647155762e-01
3.581539094448089600e-01
-7.548592090606689453e-01
6.558868288993835449e-01
-4.850081503391265869e-01
8.745096325874328613e-01
-1.566575318574905396e-01
9.876529574394226074e-01
1.905883997678756714e-01
9.816700220108032227e-01
5.148464441299438477e-01
8.572824597358703613e-01
7.770059704780578613e-01
6.294932365417480469e-01
9.454464912414550781e-01
3.257773816585540771e-01
9.998515248298645020e-01
-1.723226904869079590e-02
9.336588978767395020e-01
-3.581634461879730225e-01
7.548525333404541016e-01
-6.558945775032043457e-01
4.849991798400878906e-01
-8.745145797729492188e-01
1.566474288702011108e-01
-9.876545667648315430e-01
-1.905984431505203247e-01
-9.816681146621704102e-01
-5.148552060127258301e-01
-8.572771549224853516e-01
-7.770124077796936035e-01
-6.294853091239929199e-01
-9.454498291015625000e-01
-3.257677257061004639e-01
-9.998513460159301758e-01
1.724250428378582001e-02
-9.336552619934082031e-01
3.581730127334594727e-01
-7.548457980155944824e-01
6.559022665023803711e-01
-4.849902391433715820e-01
8.745195865631103516e-01
-1.566373258829116821e-01
9.876561760902404785e-01
1.906085014343261719e-01
9.816661477088928223e-01
5.148639678955078125e-01
8.572719097137451172e-01
7.770756483078002930e-01
6.294072270393371582e-01
9.454825520515441895e-01
3.256727457046508789e-01
9.998496174812316895e-01
-1.734294369816780090e-02
9.336192607879638672e-01
-3.582668006420135498e-01
7.547799348831176758e-01
-6.559781432151794434e-01
4.849023818969726562e-01
-8.745682835578918457e-01
1.565380990505218506e-01
-9.876719117164611816e-01
-1.907071024179458618e-01
-9.816469550132751465e-01
-5.149500966072082520e-01
-8.572201728820800781e-01
-7.770820856094360352e-01
-6.293992996215820312e-01
-9.454858899116516113e-01
-3.256630599498748779e-01
-9.998494386672973633e-01
1.735317707061767578e-02
-9.336155652999877930e-01
3.582763671875000000e-01
-7.547731995582580566e-01
6.559858322143554688e-01
-4.848934412002563477e-01
8.745732307434082031e-01
-1.565279960632324219e-01
9.876735210418701172e-01
1.907171607017517090e-01
9.816450476646423340e-01
5.149588584899902344e-01
8.572148680686950684e-01
7.770885229110717773e-01
6.293913125991821289e-01
9.454892277717590332e-01
3.256533741950988770e-01
9.998492598533630371e-01
-1.736341044306755066e-02
9.336119294166564941e-01
-3.582859039306640625e-01
7.547664642333984375e-01
-6.559935808181762695e-01
4.845068156719207764e-01
-8.747875094413757324e-01
1.560659706592559814e-01
-9.877466559410095215e-01
-1.911763250827789307e-01
-9.815557003021240234e-01
-5.153597593307495117e-01
-8.569739460945129395e-01
-7.773828506469726562e-01
-6.290277838706970215e-01
-9.456414580345153809e-01
-3.252110779285430908e-01
-9.998410344123840332e-01
1.783111505210399628e-02
-9.334442019462585449e-01
3.587225973606109619e-01
-7.544595599174499512e-01
6.563465595245361328e-01
-4.843287467956542969e-01
8.748860955238342285e-01
-1.558903604745864868e-01
9.877743721008300781e-01
1.913508325815200806e-01
9.815217256546020508e-01
5.155121088027954102e-01
8.568822741508483887e-01
7.774946689605712891e-01
6.288895606994628906e-01
9.456992745399475098e-01
3.250429332256317139e-01
9.998378157615661621e-01
-1.800887286663055420e-02
9.333341717720031738e-01
-3.590088486671447754e-01
7.542582154273986816e-01
-6.565778851509094238e-01
4.842070341110229492e-01
-8.749534487724304199e-01
1.555810570716857910e-01
-9.878231287002563477e-01
